61523
61523
36187
61523
61537
49292
68839
79821
50777
70234
72798
86579
70550
95591
50937
60023
21229
90750
45103
13240
16522
61971
54893
22674
56021
36878
22102
78941
62742
56463
79279
68929
10438
21351
35811
93918
42784
43309
27972
10067
27332
96305
91566
54876
67598
28009
70205
67387
45332
10398
33415
19604
45794
80525
16668
12125
31049
98557
54668
37987
54323
52972
60223
59678
43441
60872
93113
70890
47524
15358
37059
89405
31991
43643
85790
71315
84554
11273
80765
30404
85722
40451
94742
31591
82603
67904
47456
99940
46106
61352
69047
48829
97705
66122
24033
18930
67180
34460
43759
67357
16702
87163
88124
14475
89752
16623
15747
61629
18550
30389
35633
52101
16295
89263
94222
13992
59001
65477
59633
34495
83810
31920
87449
81072
17064
39314
81722
47325
41827
43984
38690
40457
99713
93526
64677
17105
93385
29186
98748
69563
69754
10068
38306
94562
36182
88246
42495
88578
89530
39676
76806
58413
53178
83209
96320
45246
11300
80483
56094
12673
13199
56858
59599
40808
42093
18172
14142
67954
93895
66080
86562
81031
95223
61144
37893
50452
14014
13959
41029
36101
29514
52820
42291
74417
26867
95769
96644
29158
72414
10926
54585
47272
81757
27194
68382
86936
34970
79574
43703
51992
69235
20916
22566
97789
69321
35930
97555
91369
86530
89033
20721
77405
46639
84991
20016
69714
46176
71951
96467
15997
79893
65318
51900
69670
11071
23175
35614
17677
36199
81650
18447
70906
51868
55367
80163
24358
52345
95000
29739
71743
95236
79654
27062
39738
46877
73554
38588
70028
43781
28105
77474
43522
76541
24964
36937
63878
42067
52144
30609
79174
99692
69001
31592
23566
28287
64588
67942
34985
47967
27209
70895
46905
61411
57809
32439
44340
24991
56659
41508
83993
82494
34557
98971
34457
39980
86037
96338
59597
62771
37434
26284
94301
37190
85132
49019
24903
96065
61101
29754
56973
37831
72937
80769
85837
17072
95667
97294
77087
14079
76152
25440
36573
22115
90601
19090
36784
55594
34371
19564
76908
82623
30985
37102
90540
32190
84827
86808
92381
33116
75504
44820
54627
33766
30673
96392
29144
10236
93692
88580
32810
80899
67291
77044
13732
65636
57920
48718
75281
44315
84025
16351
86918
92039
99330
75823
44001
99000
17785
70881
79448
23061
49889
11363
22372
81579
15218
52166
74631
94320
72877
33820
47492
73713
80635
13366
53065
20745
83771
69186
98384
70072
70763
49134
86348
57563
83551
15590
64252
73006
63997
27849
79948
33801
30861
77025
66101
21640
15394
40012
61344
68512
64796
77719
92748
65630
68026
73324
48167
84772
65284
40262
59654
24131
50721
24024
59030
53979
20223
82066
92911
67835
93759
30615
73549
99118
43722
64977
62862
13232
87133
26136
87104
85081
75243
48636
24359
64864
23900
53850
41956
23777
47622
50155
57228
71123
70070
75307
84167
75152
89634
85572
61430
62269
98474
32972
45333
95538
93516
74942
81701
59094
93320
11113
64816
52763
71037
65223
45955
75675
61151
69684
66176
62929
10574
72037
59574
26542
95031
45024
24035
71697
81334
53099
35766
53480
32719
38269
39014
87117
82836
79828
81893
33972
36393
54780
77775
68319
84145
74120
91708
46269
70686
71544
49864
38423
39860
78236
83476
31829
11379
82151
53759
27936
60755
42489
69739
64688
24906
88278
43234
15565
37411
42646
36941
78437
11796
19731
11866
42914
86106
89329
52124
81602
85093
66622
32832
26026
62052
48787
70941
59793
57136
71719
88773
93603
66387
67675
16564
95041
31810
96311
38605
23670
32576
54770
73380
42817
22094
69875
62685
29886
20587
44012
66571
57323
33066
36539
57613
58222
87746
